Resultados: [205.25, 1185.0, 78.25, 1128.0, 62.25, 1344.5, 80.75, 902.0, 1053.5, 1099.25, 38.0, 148.0, 1242.5, 1122.75, 829.0, 953.25, 1100.5, 1323.5, 1242.5, 1233.75, 1186.75, 1115.25, 1114.0, 106.75, 516.0, 38.75, 1222.25, 101.75, 206.75, 1412.0]
mean: 779.7583333333333 and std: 503.30413884703506 and mean - std: 276.45419448629826

########################################################################################################################
Resultados: [165.0, 1413.75, 1309.75, 57.5, 947.0, 37.5, 1190.0, 843.25, 161.25, 1315.5, 1318.75, 111.75, 1015.0, 201.0, 135.75, 952.5, 1312.5, 181.0, 1195.25, 1156.25, 70.75, 1076.5, 1508.0, 1219.25, 1229.25, 1176.25, 1251.5, 1243.75, 127.75, 1303.5]
mean: 840.8916666666667 and std: 523.7745566372574 and mean - std: 317.1171100294092

Resultados: [1206.0, 1291.25, 899.75, 1619.5, 1240.75, 979.0, 1305.25, 1255.5, 1341.5, 525.5, 1100.5, 1252.0, 1090.0, 1260.5, 1024.0, 1327.25, 1088.5, 1055.5, 1419.25, 1193.0, 1277.25, 1250.75, 1255.0, 1093.75, 1222.5, 1328.0, 1187.0, 1018.0, 1384.5, 977.0]
mean: 1182.275 and std: 193.08670709899565 and mean - std: 989.1882929010044

